"x"
0
0
0
0
0
0
0
0
0
0
4728.72509765625
0
0
0
11821.8134765625
0
0
0
0
0
0
0
0
0
9014.1318359375
13299.5390625
1921.04455566406
11821.8134765625
0
0
0
8866.359375
0
0
28076.8046875
0
0
0
0
12930.1083984375
0
0
0
0
17732.71875
0
0
0
0
0
0
0
0
22165.8984375
0
66497.6953125
0
0
0
0
0
0
0
0
8396.4423828125
0
0
0
0
0
0
0
0
0
0
0
0
0
36943.1640625
0
0
0
0
0
0
0
0
0
0
0
0
0
0
0
0
0
3657.37329101562
0
2659.90771484375
0
14777.265625
5319.81591796875
0
26599.078125
7388.6328125
10344.0859375
0
19210.4453125
20688.171875
36943.1640625
11821.8134765625
20688.171875
0
29554.53125
17732.71875
17732.71875
17732.71875
0
63542.2421875
63542.2421875
22165.8984375
17732.71875
29554.53125
1220.60217285156
22313.671875
20688.171875
22165.8984375
32509.984375
28076.8046875
36898.83203125
39898.6171875
29554.53125
23643.625
31032.2578125
0
22165.8984375
41376.34375
39898.6171875
81274.9609375
18609.01171875
5910.90625
10344.0859375
2305.25341796875
0
3250.99853515625
0
5910.90625
26599.078125
1152.62670898438
1152.62670898438
0
2955.453125
24825.806640625
4363.7265625
11082.94921875
4728.72509765625
4728.72509765625
2955.453125
22165.8984375
4137.63427734375
1477.7265625
1152.62670898438
21427.03515625
5024.2705078125
0
11378.4951171875
2770.7373046875
14777.265625
17732.71875
25860.21484375
0
25860.21484375
6992.60205078125
11821.8134765625
0
0
23643.625
20688.171875
9974.654296875
11821.8134765625
5910.90625
24382.48828125
11821.8134765625
1090.56225585938
19210.4453125
13299.5390625
17732.71875
8866.359375
9752.9951171875
39898.6171875
24973.578125
9457.4501953125
4433.1796875
22476.220703125
16254.9921875
23052.53515625
0
0
26599.078125
23643.625
0
0
33987.7109375
17141.62890625
17732.71875
5172.04296875
5030.18115234375
7388.6328125
9014.1318359375
15244.2265625
5319.81591796875
12117.3583984375
10048.541015625
5319.81591796875
33987.7109375
17732.71875
30101.2890625
16993.85546875
15959.447265625
31032.2578125
5763.1337890625
14777.265625
27337.94140625
26007.98828125
10344.0859375
0
14186.1748046875
0
11208.5556640625
25121.3515625
13742.857421875
8275.2685546875
0
3250.99853515625
24514.005859375
17363.287109375
22165.8984375
26599.078125
17732.71875
17141.62890625
8866.359375
25121.3515625
9161.9052734375
2955.453125
0
12708.44921875
18471.58203125
9605.22265625
0
8127.49609375
11082.94921875
16254.9921875
0
11821.8134765625
16254.9921875
3694.31640625
15663.90234375
8866.359375
5910.90625
17732.71875
20688.171875
12058.2490234375
2210.67895507812
21870.353515625
13299.5390625
16254.9921875
16254.9921875
15516.12890625
2216.58984375
0
4433.1796875
11963.673828125
10583.4775390625
11969.5849609375
27337.94140625
8335.85546875
14481.7197265625
10344.0859375
13003.994140625
15811.673828125
18096.240234375
10344.0859375
15486.5751953125
19653.763671875
18471.58203125
22165.8984375
19210.4453125
5578.41796875
26599.078125
28224.578125
0
10416.4951171875
17732.71875
8866.359375
19210.4453125
39817.34375
6649.76953125
7388.6328125
10403.1953125
11526.2666015625
10376.595703125
2216.58984375
8275.2685546875
22904.76171875
11821.8134765625
23475.1640625
11821.8134765625
16846.08203125
9900.767578125
10512.546875
13299.5390625
23643.625
14038.40234375
13299.5390625
11821.8134765625
25121.3515625
14777.265625
28787.591796875
0
20688.171875
29258.986328125
11162.7470703125
11821.8134765625
11526.2666015625
19210.4453125
11821.8134765625
20688.171875
10713.517578125
11821.8134765625
33987.7109375
36943.1640625
20688.171875
6649.76953125
29554.53125
15619.5703125
14777.265625
11283.919921875
19949.30859375
9605.22265625
11821.8134765625
6537.46240234375
12486.7900390625
9221.013671875
49429.953125
11821.8134765625
5910.90625
12117.3583984375
8866.359375
11821.8134765625
16993.85546875
0
7536.4052734375
8275.2685546875
14186.1748046875
25860.21484375
0
21427.03515625
29554.53125
18966.62109375
29391.982421875
35465.4375
20132.546875
31032.2578125
20924.607421875
8866.359375
17732.71875
14777.265625
12412.9033203125
24338.15625
26599.078125
10344.0859375
29216.1328125
13299.5390625
13299.5390625
4137.63427734375
8866.359375
27781.259765625
17732.71875
11821.8134765625
0
17732.71875
25874.9921875
295.545318603516
0
20688.171875
5172.04296875
12560.67578125
31097.27734375
6649.76953125
13742.857421875
10048.541015625
25121.3515625
0
0
28963.44140625
16254.9921875
26599.078125
14186.1748046875
20688.171875
16254.9921875
17732.71875
21427.03515625
18102.150390625
20688.171875
0
31032.2578125
18442.02734375
16254.9921875
0
7388.6328125
16822.439453125
16342.177734375
5390.74658203125
12656.7275390625
14777.265625
13151.7666015625
13299.5390625
20142.890625
24382.48828125
26599.078125
18962.1875
11230.7216796875
14186.1748046875
21427.03515625
25178.982421875
12560.67578125
14369.4130859375
23495.853515625
19210.4453125
4236.64208984375
17732.71875
28076.8046875
20688.171875
14925.0380859375
21131.490234375
29850.076171875
29850.076171875
19343.44140625
10521.4130859375
17732.71875
28815.66796875
26599.078125
16254.9921875
14777.265625
22165.8984375
36943.1640625
41571.40234375
13595.083984375
29554.53125
12687.759765625
11526.2666015625
24382.48828125
0
17289.400390625
14777.265625
17732.71875
14777.265625
10935.1767578125
14777.265625
19934.53125
21035.4375
12560.67578125
13246.3408203125
13299.5390625
33987.7109375
664.976989746094
12560.67578125
22904.76171875
14038.40234375
0
17732.71875
15959.447265625
9605.22265625
23531.318359375
14777.265625
8866.359375
11821.8134765625
14777.265625
2563.85571289062
11651.8740234375
6827.0966796875
17732.71875
19210.4453125
22165.8984375
26599.078125
13447.3115234375
24205.16015625
16254.9921875
16254.9921875
14629.4931640625
26081.873046875
30145.62109375
30145.62109375
25860.21484375
6649.76953125
31623.349609375
29554.53125
20688.171875
591.090637207031
19653.763671875
19210.4453125
16218.048828125
19210.4453125
15072.810546875
14777.265625
37829.80078125
2955.453125
17732.71875
22165.8984375
0
14777.265625
7388.6328125
14777.265625
10048.541015625
14579.25
19210.4453125
21678.248046875
17732.71875
26599.078125
17732.71875
20688.171875
11821.8134765625
21397.48046875
14079.779296875
20688.171875
19210.4453125
19210.4453125
23643.625
0
0
26599.078125
27337.94140625
21870.353515625
37829.80078125
21279.263671875
29554.53125
2955.453125
25121.3515625
31032.2578125
14038.40234375
27963.01953125
0
0
13986.681640625
32509.984375
13151.7666015625
13151.7666015625
14038.40234375
25121.3515625
14777.265625
28076.8046875
21870.353515625
18660.73046875
11082.94921875
14186.1748046875
12615.3515625
15663.90234375
31327.802734375
19949.30859375
19210.4453125
41376.34375
20688.171875
10512.546875
1733.37329101562
28076.8046875
28076.8046875
31032.2578125
28963.44140625
20688.171875
19210.4453125
25121.3515625
17732.71875
0
13890.6298828125
15959.447265625
25860.21484375
11821.8134765625
20702.94921875
13299.5390625
16254.9921875
16254.9921875
22165.8984375
17732.71875
13831.521484375
19062.673828125
15516.12890625
17732.71875
25121.3515625
11821.8134765625
19210.4453125
35022.12109375
16254.9921875
19210.4453125
26599.078125
20688.171875
19210.4453125
32509.984375
28815.66796875
26599.078125
31771.12109375
27337.94140625
29554.53125
0
0
20688.171875
29258.986328125
22018.126953125
10196.3134765625
35465.4375
27781.259765625
17444.5625
14777.265625
14481.7197265625
19505.990234375
13299.5390625
14777.265625
20460.6015625
29584.0859375
25564.669921875
17732.71875
18471.58203125
19210.4453125
20688.171875
28815.66796875
2955.453125
22165.8984375
11969.5849609375
0
21870.353515625
15146.697265625
17289.400390625
19949.30859375
20688.171875
40637.48046875
18471.58203125
19653.763671875
8866.359375
7388.6328125
17732.71875
16993.85546875
22904.76171875
17437.173828125
19505.990234375
17732.71875
20688.171875
21870.353515625
16254.9921875
0
19210.4453125
17732.71875
16254.9921875
26007.98828125
37682.02734375
23643.625
2955.453125
29554.53125
40637.48046875
28815.66796875
7565.9599609375
1921.04455566406
0
18978.44140625
25121.3515625
17732.71875
35465.4375
24086.943359375
23080.611328125
25514.427734375
38716.4375
18176.037109375
14777.265625
33544.39453125
24530.26171875
22165.8984375
14771.35546875
18471.58203125
21427.03515625
15516.12890625
16254.9921875
23643.625
0
22165.8984375
21858.53125
16254.9921875
28815.66796875
15516.12890625
26599.078125
19210.4453125
22165.8984375
25121.3515625
18619.35546875
19699.572265625
23643.625
22165.8984375
14777.265625
15811.673828125
8866.359375
19949.30859375
32509.984375
18471.58203125
19949.30859375
23643.625
2068.81713867188
11526.2666015625
4433.1796875
22165.8984375
23643.625
28076.8046875
28076.8046875
12294.6845703125
20688.171875
19210.4453125
16240.21484375
20688.171875
26599.078125
22452.578125
9974.654296875
23643.625
20983.716796875
28076.8046875
17732.71875
21870.353515625
18471.58203125
22165.8984375
27337.94140625
20688.171875
20688.171875
17289.400390625
25860.21484375
28224.578125
16254.9921875
13299.5390625
35465.4375
17732.71875
19949.30859375
22424.501953125
28076.8046875
23052.53515625
32953.3046875
19210.4453125
19210.4453125
33692.1640625
24973.578125
28076.8046875
26599.078125
17502.193359375
32509.984375
19505.990234375
26155.759765625
18471.58203125
18323.810546875
23052.53515625
12560.67578125
19210.4453125
12560.67578125
22165.8984375
13299.5390625
26599.078125
19210.4453125
25860.21484375
16993.85546875
13299.5390625
16993.85546875
18471.58203125
0
23643.625
23052.53515625
33396.62109375
24627.791015625
17289.400390625
29554.53125
20431.048828125
1539.79113769531
25121.3515625
0
31032.2578125
25564.669921875
23643.625
14777.265625
23643.625
23643.625
22165.8984375
24642.568359375
18442.02734375
19210.4453125
14777.265625
17720.896484375
17732.71875
31032.2578125
17732.71875
16286.025390625
23643.625
12708.44921875
22165.8984375
25014.955078125
22313.671875
15368.3564453125
19210.4453125
14777.265625
25121.3515625
25712.44140625
23643.625
16993.85546875
16254.9921875
17732.71875
26599.078125
32657.7578125
23643.625
17732.71875
17437.173828125
26599.078125
21279.263671875
20259.630859375
22535.330078125
13299.5390625
17732.71875
42854.0703125
21982.66015625
24884.916015625
23348.080078125
22165.8984375
22165.8984375
25121.3515625
20688.171875
21279.263671875
32509.984375
29554.53125
23643.625
29554.53125
29338.783203125
29338.783203125
22165.8984375
21427.03515625
25860.21484375
28815.66796875
29554.53125
25897.158203125
36943.1640625
23643.625
23643.625
25121.3515625
22284.1171875
36943.1640625
23643.625
14777.265625
31032.2578125
31032.2578125
26599.078125
56892.47265625
21279.263671875
0
33987.7109375
0
29554.53125
17732.71875
22904.76171875
28520.123046875
42854.0703125
23052.53515625
19930.09765625
32509.984375
16993.85546875
22165.8984375
20688.171875
12412.9033203125
16254.9921875
24530.26171875
88663.59375
29554.53125
23643.625
22165.8984375
35465.4375
20688.171875
22461.443359375
22165.8984375
25310.501953125
32586.826171875
32586.826171875
7388.6328125
31032.2578125
7882.193359375
31032.2578125
39011.98046875
44331.796875
17437.173828125
22165.8984375
27485.71484375
26303.533203125
20963.029296875
23348.080078125
28446.236328125
22018.126953125
26229.646484375
25121.3515625
15049.1669921875
19653.763671875
19653.763671875
23643.625
12232.62109375
0
21279.263671875
24787.38671875
35465.4375
21722.580078125
25558.759765625
41376.34375
0
21722.580078125
16254.9921875
15638.7802734375
15638.7802734375
26599.078125
19210.4453125
20688.171875
25121.3515625
44331.796875
23348.080078125
17732.71875
31032.2578125
44331.796875
0
19210.4453125
28815.66796875
19949.30859375
23052.53515625
23200.306640625
26599.078125
12534.0771484375
23643.625
29492.466796875
21427.03515625
24382.48828125
33248.84765625
31505.130859375
27633.486328125
22904.76171875
23643.625
22165.8984375
26633.06640625
21427.03515625
26423.228515625
58665.74609375
36943.1640625
38420.890625
35465.4375
53937.01953125
44331.796875
22165.8984375
22165.8984375
2216.58984375
18619.35546875
25121.3515625
18767.126953125
35317.6640625
24382.48828125
21131.490234375
18323.810546875
22165.8984375
36943.1640625
25860.21484375
41376.34375
23643.625
61768.97265625
33248.84765625
29554.53125
26599.078125
14777.265625
26876.890625
26876.890625
26876.890625
25399.1640625
29037.326171875
31032.2578125
23269.759765625
23269.759765625
23643.625
35465.4375
22165.8984375
22165.8984375
23643.625
23643.625
37238.7109375
26599.078125
24382.48828125
28520.123046875
25564.669921875
29554.53125
24973.578125
29554.53125
42854.0703125
26599.078125
28815.66796875
17732.71875
20688.171875
27781.259765625
20688.171875
22904.76171875
26599.078125
22904.76171875
24086.943359375
24382.48828125
27042.396484375
26451.306640625
28076.8046875
14777.265625
0
25195.23828125
27633.486328125
0
21279.263671875
31032.2578125
66497.6953125
39973.98046875
20850.72265625
23643.625
12738.0029296875
22018.126953125
0
30293.39453125
22165.8984375
36943.1640625
13559.619140625
76841.78125
76841.78125
18914.900390625
22165.8984375
23421.966796875
69453.1484375
27830.025390625
23643.625
25121.3515625
59109.0625
22165.8984375
29554.53125
22165.8984375
0
31623.349609375
11821.8134765625
22165.8984375
23052.53515625
22165.8984375
22165.8984375
0
0
27337.94140625
29554.53125
23531.318359375
21834.888671875
17732.71875
33248.84765625
29554.53125
26155.759765625
36943.1640625
25121.3515625
39898.6171875
39898.6171875
26007.98828125
31032.2578125
28963.44140625
26599.078125
26599.078125
0
0
27042.396484375
23974.63671875
25121.3515625
31032.2578125
35465.4375
29554.53125
29554.53125
2049.60668945312
26599.078125
26599.078125
29554.53125
18176.037109375
32509.984375
28076.8046875
15516.12890625
36943.1640625
17732.71875
32509.984375
23643.625
0
23939.171875
33987.7109375
22904.76171875
19411.416015625
28076.8046875
23200.306640625
449.228881835938
12412.9033203125
27042.396484375
0
26599.078125
36204.30078125
25860.21484375
27337.94140625
23643.625
25564.669921875
17437.173828125
21427.03515625
19210.4453125
22904.76171875
22165.8984375
0
10639.630859375
28076.8046875
33987.7109375
24825.806640625
25121.3515625
25860.21484375
23495.853515625
22165.8984375
25638.556640625
29554.53125
28076.8046875
26643.41015625
45809.5234375
38420.890625
29702.3046875
39159.75390625
25121.3515625
9605.22265625
35465.4375
39898.6171875
25121.3515625
27929.03125
22609.216796875
23348.080078125
29554.53125
26451.306640625
26451.306640625
26451.306640625
24382.48828125
34320.19921875
27061.607421875
36943.1640625
25121.3515625
26599.078125
24530.26171875
24530.26171875
26599.078125
26780.83984375
30145.62109375
29554.53125
24448.986328125
36943.1640625
29554.53125
25121.3515625
20244.853515625
23643.625
26599.078125
26599.078125
26599.078125
25121.3515625
25634.123046875
32509.984375
31771.12109375
25121.3515625
31032.2578125
29554.53125
22165.8984375
29554.53125
12708.44921875
25121.3515625
30145.62109375
22461.443359375
22461.443359375
28076.8046875
27898
27898
29554.53125
29554.53125
44331.796875
32509.984375
21427.03515625
38420.890625
29554.53125
22165.8984375
35465.4375
23052.53515625
0
24825.806640625
35465.4375
35465.4375
26599.078125
26599.078125
15646.1689453125
29258.986328125
0
26599.078125
31032.2578125
17732.71875
17732.71875
29554.53125
31032.2578125
19210.4453125
29554.53125
26007.98828125
26746.8515625
26625.677734375
29554.53125
35465.4375
25860.21484375
29554.53125
32421.3203125
32421.3203125
29480.64453125
28815.66796875
29554.53125
29554.53125
6354.22412109375
29554.53125
26599.078125
29315.140625
32509.984375
35465.4375
17732.71875
17732.71875
42854.0703125
19210.4453125
20392.626953125
36943.1640625
33839.9375
36943.1640625
22165.8984375
20688.171875
23643.625
27337.94140625
51720.4296875
26599.078125
28815.66796875
32509.984375
32509.984375
29554.53125
31032.2578125
28076.8046875
0
23578.60546875
22609.216796875
28520.123046875
29644.673828125
25712.44140625
0
38420.890625
20688.171875
32509.984375
16254.9921875
28815.66796875
31032.2578125
24382.48828125
31032.2578125
24382.48828125
27846.279296875
32509.984375
35465.4375
26599.078125
17806.60546875
22165.8984375
25121.3515625
20688.171875
25440.541015625
26599.078125
28076.8046875
28076.8046875
25121.3515625
0
0
27929.03125
30736.712890625
24973.578125
31978.00390625
31032.2578125
38420.890625
26599.078125
33987.7109375
32509.984375
32509.984375
32509.984375
49651.61328125
22756.98828125
36943.1640625
32509.984375
32509.984375
28076.8046875
31032.2578125
58653.921875
26451.306640625
0
31771.12109375
23348.080078125
31032.2578125
32509.984375
32509.984375
10935.1767578125
42854.0703125
29554.53125
39898.6171875
35465.4375
29258.986328125
34135.484375
26953.732421875
31032.2578125
0
29369.81640625
29369.81640625
31032.2578125
25121.3515625
19242.955078125
38420.890625
30293.39453125
42410.75390625
19210.4453125
28490.568359375
19210.4453125
19210.4453125
0
28815.66796875
33987.7109375
35465.4375
30191.431640625
35465.4375
31032.2578125
26599.078125
27781.259765625
27781.259765625
96052.2265625
11821.8134765625
28076.8046875
29554.53125
33987.7109375
35022.12109375
28076.8046875
22165.8984375
29554.53125
29554.53125
31032.2578125
19210.4453125
26007.98828125
31180.03125
31180.03125
25712.44140625
33987.7109375
32672.53515625
44331.796875
35465.4375
32509.984375
33987.7109375
39159.75390625
33839.9375
56153.609375
47287.25
31032.2578125
36647.6171875
29554.53125
19062.673828125
19062.673828125
29554.53125
32509.984375
0
51720.4296875
15072.810546875
15072.810546875
26554.74609375
27485.71484375
25860.21484375
22165.8984375
44331.796875
36943.1640625
81274.9609375
81274.9609375
31032.2578125
31032.2578125
24678.033203125
14777.265625
33987.7109375
37120.4921875
36204.30078125
23052.53515625
39898.6171875
48247.7734375
31908.55078125
25860.21484375
39898.6171875
34726.57421875
30828.33203125
34753.17578125
32509.984375
27939.376953125
35465.4375
35465.4375
43001.84375
88663.59375
26599.078125
32509.984375
25564.669921875
25564.669921875
47287.25
47287.25
35561.48828125
27929.03125
35465.4375
27337.94140625
28076.8046875
32951.82421875
29258.986328125
19210.4453125
20688.171875
33987.7109375
32509.984375
27633.486328125
32509.984375
32509.984375
32214.439453125
31020.435546875
39159.75390625
38986.859375
25150.90625
44331.796875
36943.1640625
42854.0703125
23495.853515625
17437.173828125
70930.875
24825.806640625
33805.94921875
28032.47265625
33987.7109375
31401.689453125
9161.9052734375
24530.26171875
36943.1640625
32509.984375
0
31032.2578125
40637.48046875
39898.6171875
39159.75390625
32509.984375
32509.984375
43297.390625
33987.7109375
33987.7109375
32509.984375
27314.298828125
26952.255859375
18914.900390625
18914.900390625
18914.900390625
22165.8984375
22165.8984375
22165.8984375
31918.89453125
31918.89453125
28372.349609375
32580.916015625
17732.71875
29554.53125
31032.2578125
25860.21484375
41376.34375
0
28815.66796875
31771.12109375
35760.984375
35465.4375
37682.02734375
33544.39453125
31032.2578125
33987.7109375
44331.796875
32509.984375
26980.33203125
28667.896484375
48764.9765625
38420.890625
46891.21875
28076.8046875
34726.57421875
25121.3515625
34559.58984375
25121.3515625
39011.98046875
31032.2578125
35465.4375
33248.84765625
39159.75390625
22165.8984375
36943.1640625
41376.34375
31032.2578125
39307.52734375
19210.4453125
33396.62109375
39898.6171875
41376.34375
27337.94140625
20688.171875
36943.1640625
33101.07421875
32509.984375
32509.984375
62064.515625
47287.25
25860.21484375
33987.7109375
33987.7109375
35465.4375
35465.4375
40489.70703125
36943.1640625
36943.1640625
36943.1640625
45809.5234375
38420.890625
41671.890625
42262.98046875
35465.4375
35465.4375
0
56153.609375
14777.265625
96052.2265625
42854.0703125
42854.0703125
32509.984375
35465.4375
27377.83984375
13299.5390625
21870.353515625
0
40903.47265625
32509.984375
42854.0703125
35465.4375
35465.4375
57631.3359375
0
30441.16796875
25860.21484375
26599.078125
36943.1640625
37386.48046875
39603.0703125
44331.796875
35465.4375
39898.6171875
48764.9765625
44308.15234375
38420.890625
36204.30078125
39529.1875
35465.4375
36943.1640625
27918.6875
25121.3515625
44331.796875
35732.90625
35732.90625
42854.0703125
33987.7109375
43740.70703125
11128.7587890625
48764.9765625
48764.9765625
42854.0703125
23389.455078125
16254.9921875
23643.625
33426.17578125
33426.17578125
31298.248046875
47287.25
38420.890625
40637.48046875
33987.7109375
51720.4296875
35465.4375
36943.1640625
39898.6171875
45809.5234375
34726.57421875
39304.5703125
47287.25
39898.6171875
38420.890625
38420.890625
44331.796875
33987.7109375
33987.7109375
36943.1640625
76841.78125
41376.34375
29554.53125
51720.4296875
47287.25
44331.796875
27190.169921875
0
35465.4375
38420.890625
36943.1640625
35465.4375
39898.6171875
41080.80078125
47287.25
48764.9765625
31032.2578125
51073.1875
70930.875
44331.796875
41376.34375
36943.1640625
36943.1640625
41376.34375
31032.2578125
39898.6171875
20688.171875
26599.078125
38420.890625
32509.984375
31032.2578125
38420.890625
50242.703125
45809.5234375
51232.78125
36943.1640625
7388.6328125
40415.8203125
54675.8828125
41376.34375
59109.0625
40785.25390625
33987.7109375
48764.9765625
66497.6953125
70930.875
27337.94140625
0
45809.5234375
42854.0703125
44331.796875
36943.1640625
0
41376.34375
70930.875
70930.875
8866.359375
42854.0703125
44331.796875
44331.796875
50242.703125
0
88663.59375
88663.59375
39898.6171875
44331.796875
47878.33984375
47878.33984375
49503.83984375
50242.703125
38420.890625
51720.4296875
48764.9765625
44331.796875
46548.38671875
45809.5234375
54675.8828125
65019.96875
35110.78125
39898.6171875
51424.88671875
52969.109375
46105.0703125
39603.0703125
44331.796875
50242.703125
41376.34375
48764.9765625
54675.8828125
25121.3515625
56153.609375
53198.15625
0
54675.8828125
36943.1640625
45809.5234375
63837.7890625
40878.3515625
76841.78125
50242.703125
53641.4765625
73886.328125
73886.328125
73886.328125
57631.3359375
32509.984375
56153.609375
38420.890625
59109.0625
53198.15625
41376.34375
74625.1953125
82752.6875
78319.5078125
78319.5078125
63542.2421875
70930.875
59109.0625
66497.6953125
71669.7421875
0
67236.5625
62064.515625
66497.6953125
62064.515625
73886.328125
51720.4296875
0
85708.140625
0
99007.6796875
97677.7265625
110829.4921875
88663.59375
73886.328125
33987.7109375
70930.875
100485.40625
88663.59375
221.658996582031
0
0
0
0
0
0
0
0
0
11821.8134765625
0
0
0
0
0
0
0
0
0
0
0
0
0
218.703536987305
0
0
0
3694.31640625
14481.7197265625
0
0
0
0
0
0
11821.8134765625
0
8866.359375
8866.359375
0
0
0
0
0
0
0
0
0
10344.0859375
0
0
0
0
0
7093.08740234375
0
0
0
0
0
0
0
16846.08203125
0
0
4063.748046875
2305.25341796875
0
0
5615.36083984375
0
45809.5234375
14777.265625
69453.1484375
118218.1328125
0
1477.7265625
295.545318603516
0
23643.625
1152.62670898438
2955.453125
9309.677734375
16059.931640625
0
0
2955.453125
5910.90625
8275.2685546875
7388.6328125
7388.6328125
8866.359375
8866.359375
1018.15362548828
16809.140625
0
879.247314453125
11437.603515625
1226.51306152344
0
10344.0859375
1034.40856933594
295.545318603516
13299.5390625
7447.74169921875
14777.265625
0
0
0
8127.49609375
17732.71875
17732.71875
13299.5390625
0
4433.1796875
7802.396484375
7802.396484375
7802.396484375
7248.2490234375
2955.453125
6649.76953125
5910.90625
14629.4931640625
14629.4931640625
14629.4931640625
0
8570.814453125
8127.49609375
11245.4990234375
6383.77880859375
2364.36254882812
14570.3837890625
2364.36254882812
4947.4287109375
13481.2998046875
24641.091796875
11082.94921875
10639.630859375
8127.49609375
14777.265625
0
6797.5419921875
13299.5390625
1329.95385742188
11348.9404296875
8866.359375
0
0
7240.8603515625
7093.08740234375
7873.3271484375
0
8866.359375
13299.5390625
4137.63427734375
22165.8984375
12560.67578125
295.545318603516
9457.4501953125
1477.7265625
22165.8984375
857.081420898438
14777.265625
12117.3583984375
20688.171875
10196.3134765625
7388.6328125
2216.58984375
930.967712402344
12560.67578125
4255.8525390625
1182.18127441406
9169.29296875
7388.6328125
1994.93090820312
9457.4501953125
4433.1796875
9408.685546875
0
9497.3486328125
8866.359375
7388.6328125
7388.6328125
0
5910.90625
4433.1796875
2216.58984375
2216.58984375
11821.8134765625
5910.90625
0
3694.31640625
7388.6328125
14777.265625
14777.265625
11821.8134765625
8718.5869140625
8866.359375
9605.22265625
0
12037.560546875
15072.810546875
11082.94921875
11993.228515625
5910.90625
8570.814453125
1477.7265625
9900.767578125
0
0
8866.359375
15072.810546875
8689.0322265625
23643.625
51.7204284667969
7388.6328125
13299.5390625
7184.70654296875
11821.8134765625
8969.80078125
13299.5390625
9102.7958984375
16254.9921875
14777.265625
8955.0234375
16254.9921875
17881.96875
20512.322265625
17732.71875
9266.8232421875
9457.4501953125
11821.8134765625
12560.67578125
13299.5390625
9221.013671875
0
26599.078125
11821.8134765625
0
7388.6328125
8866.359375
10344.0859375
8866.359375
5910.90625
13299.5390625
19210.4453125
886.635925292969
22165.8984375
25121.3515625
5172.04296875
10344.0859375
17732.71875
7260.07080078125
13299.5390625
9752.9951171875
0
0
13299.5390625
13299.5390625
14777.265625
1477.7265625
11501.146484375
9752.9951171875
17023.41015625
8127.49609375
8866.359375
11821.8134765625
11821.8134765625
19210.4453125
0
15926.9365234375
15926.9365234375
15146.697265625
5319.81591796875
5319.81591796875
0
16254.9921875
5910.90625
9605.22265625
1078.74035644531
23643.625
11821.8134765625
19210.4453125
14895.484375
7684.17822265625
7675.31201171875
24825.806640625
14777.265625
9605.22265625
13151.7666015625
11891.265625
13299.5390625
20688.171875
7979.7236328125
9079.15234375
9788.4609375
19210.4453125
15516.12890625
10048.541015625
6649.76953125
11821.8134765625
10166.7587890625
10166.7587890625
0
3073.67138671875
3073.67138671875
0
8866.359375
10344.0859375
11821.8134765625
14260.060546875
11821.8134765625
25248.435546875
12930.1083984375
12930.1083984375
10639.630859375
0
10344.0859375
10344.0859375
11821.8134765625
8718.5869140625
14147.75390625
0
17732.71875
7388.6328125
12847.35546875
11821.8134765625
7240.8603515625
9900.767578125
13323.1826171875
0
0
13595.083984375
13595.083984375
13299.5390625
14777.265625
0
8866.359375
8866.359375
14038.40234375
12412.9033203125
13299.5390625
5910.90625
17732.71875
8204.337890625
0
13447.3115234375
13447.3115234375
16254.9921875
8866.359375
12811.888671875
17732.71875
14333.9482421875
12435.0693359375
17732.71875
15368.3564453125
14777.265625
27781.259765625
0
0
8866.359375
0
10604.166015625
23643.625
16254.9921875
16254.9921875
11082.94921875
20688.171875
7249.7265625
8748.1416015625
2364.36254882812
36943.1640625
14777.265625
23643.625
15522.0400390625
19613.865234375
16254.9921875
10048.541015625
16905.19140625
11082.94921875
16373.2099609375
20392.626953125
14843.7626953125
13299.5390625
14422.611328125
26599.078125
16254.9921875
8866.359375
8866.359375
21427.03515625
21427.03515625
0
0
11821.8134765625
14186.1748046875
10344.0859375
11821.8134765625
7107.86474609375
16254.9921875
18539.55859375
17732.71875
8423.041015625
28076.8046875
11821.8134765625
14777.265625
19210.4453125
28076.8046875
0
16254.9921875
25860.21484375
14186.1748046875
17686.908203125
19210.4453125
12921.2412109375
14038.40234375
17732.71875
17732.71875
19604.998046875
19210.4453125
10048.541015625
20614.28515625
8866.359375
16254.9921875
15516.12890625
0
0
7093.08740234375
13890.6298828125
8866.359375
20688.171875
25121.3515625
8866.359375
9605.22265625
14777.265625
18841.013671875
19210.4453125
36943.1640625
9974.654296875
20141.412109375
23643.625
18096.240234375
19709.91796875
17732.71875
0
17437.173828125
22165.8984375
22165.8984375
1773.27185058594
24973.578125
36943.1640625
11082.94921875
17732.71875
16606.69140625
0
13151.7666015625
23052.53515625
23052.53515625
0
22904.76171875
5172.04296875
5172.04296875
14260.060546875
28076.8046875
17732.71875
17732.71875
14777.265625
16254.9921875
0
10344.0859375
12560.67578125
17957.33203125
17880.4921875
17732.71875
5910.90625
16846.08203125
11821.8134765625
8866.359375
16210.6611328125
16254.9921875
14753.6220703125
11326.7744140625
19432.103515625
13299.5390625
3250.99853515625
0
5910.90625
14777.265625
22165.8984375
17732.71875
17732.71875
11821.8134765625
17732.71875
16254.9921875
17584.9453125
14555.607421875
4876.49755859375
886.635925292969
30884.484375
26599.078125
19210.4453125
17732.71875
8866.359375
19210.4453125
19210.4453125
20688.171875
18102.150390625
20688.171875
23643.625
13326.1376953125
19210.4453125
21427.03515625
28076.8046875
26599.078125
12117.3583984375
23643.625
19949.30859375
22165.8984375
20688.171875
20688.171875
31032.2578125
31032.2578125
14777.265625
21722.580078125
21722.580078125
2955.453125
8866.359375
19210.4453125
26599.078125
26599.078125
14777.265625
16993.85546875
16993.85546875
7130.03076171875
5615.36083984375
0
29554.53125
24045.56640625
28076.8046875
17289.400390625
30207.6875
22165.8984375
23643.625
23643.625
27929.03125
20303.962890625
22165.8984375
29554.53125
20688.171875
14777.265625
31032.2578125
17732.71875
4433.1796875
19210.4453125
13299.5390625
0
19210.4453125
17732.71875
16254.9921875
19210.4453125
14481.7197265625
27485.71484375
19210.4453125
19633.07421875
26599.078125
21131.490234375
23195.873046875
23495.853515625
25068.154296875
25068.154296875
23643.625
18471.58203125
13299.5390625
17732.71875
22165.8984375
14777.265625
20688.171875
25121.3515625
27485.71484375
31032.2578125
25121.3515625
33987.7109375
44331.796875
22756.98828125
11821.8134765625
23643.625
19210.4453125
25860.21484375
25860.21484375
20392.626953125
16254.9921875
16254.9921875
121173.578125
0
22904.76171875
24086.943359375
27042.396484375
29554.53125
22165.8984375
33987.7109375
22018.126953125
35364.953125
15220.583984375
0
21796.466796875
18471.58203125
7093.08740234375
20215.30078125
23643.625
23643.625
23643.625
26569.5234375
26599.078125
13299.5390625
19210.4453125
26303.533203125
23643.625
29678.66015625
25121.3515625
26155.759765625
27190.169921875
22165.8984375
27337.94140625
28047.25
0
31032.2578125
13299.5390625
26968.509765625
23791.3984375
23145.630859375
35465.4375
29554.53125
29554.53125
30549.041015625
19210.4453125
20392.626953125
22904.76171875
25860.21484375
33248.84765625
29111.21484375
13299.5390625
24803.640625
11821.8134765625
23643.625
25121.3515625
481.738861083984
47287.25
11390.31640625
16254.9921875
26599.078125
20688.171875
23643.625
25121.3515625
26599.078125
25860.21484375
19062.673828125
16254.9921875
26155.759765625
33043.4453125
26599.078125
0
23327.392578125
26953.732421875
36943.1640625
26894.623046875
26599.078125
16993.85546875
24382.48828125
14777.265625
28076.8046875
29554.53125
29554.53125
33987.7109375
32509.984375
27337.94140625
28925.01953125
26377.419921875
26377.419921875
36943.1640625
28815.66796875
13299.5390625
28076.8046875
39159.75390625
41376.34375
25676.9765625
36943.1640625
21341.326171875
39898.6171875
23052.53515625
13063.1025390625
22904.76171875
45809.5234375
31032.2578125
23643.625
0
0
36943.1640625
36499.84765625
31032.2578125
9457.4501953125
47287.25
35465.4375
38125.34765625
28076.8046875
36943.1640625
44331.796875
26007.98828125
20688.171875
23643.625
28076.8046875
31477.0546875
38420.890625
28076.8046875
28076.8046875
31918.89453125
31918.89453125
36943.1640625
32362.212890625
36943.1640625
33987.7109375
33987.7109375
25121.3515625
28076.8046875
29554.53125
33987.7109375
54675.8828125
2955.453125
25121.3515625
39898.6171875
39898.6171875
36943.1640625
39159.75390625
1182.18127441406
39898.6171875
44147.08203125
26894.623046875
38568.6640625
44331.796875
38420.890625
31032.2578125
31032.2578125
17732.71875
17732.71875
32177.49609375
47287.25
42262.98046875
23643.625
30569.73046875
30569.73046875
36943.1640625
36943.1640625
35465.4375
31032.2578125
51580.046875
36943.1640625
38568.6640625
59109.0625
55710.29296875
20540.3984375
53198.15625
