"x"
9930.05
3595.89
24909.5
7506.15
289.79
4056.49
0
8472.16
2164.02
12418.1
8173.91
17094.6
0
18739.9
3023.88
3228.5
14581.9
7693.4
10804.3
10747.4
0
5149.5
6408.95
1991.4
11163.2
9643
9897.05
11142.9
16218
995.7
0
6551.59
1574.42
0
3191.75
20505.9
6181.88
5911.55
3094.16
0
1254.58
13188.8
8061.49
2787.96
3972.54
0
0
0
12187.4
4843.18
0
8087.49
0
2348.97
590.782
0
1067.51
7284.99
13167.5
1048.43
0
1923.94
4666.24
549.298
762.915
10694.3
0
0
8546.72
7479.66
0
647.205
0
11965.8
9598.54
18783.4
18678.1
0
23005.6
6456.7
0
2321.11
4941.85
0
0
0
3881.28
17231
8048.6
0
14509.9
0
0
9983.78
0
5587.5
4482.85
2456.15
0
26817.6
0
9265.79
485.23
4814.63
7458.11
0
34099.3
1953.27
0
0
8881.67
6210.67
0
929.884
0
12558
22163.3
1652.64
8124.72
671.332
17815
9737.15
17685.2
0
4321.71
1773.42
0
11233.3
559.443
1085.44
5445.2
60307.9
1460.36
6943.34
4032.71
10363.3
4232.31
11141.4
0
13385.9
4849.56
0
1660.51
0
2484.55
4146.6
9970.68
0
26372.3
5615.19
3196.57
6167.68
7535.94
8484.24
1294.41
0
5010.34
9371.04
0
4279.61
3462.56
7382.55
0
0
10976.5
13829.6
6788.46
9558.5
13228.3
743.667
5522.79
1424.94
1358.64
0
672.877
0
10092.8
6281.43
12590.7
5112.01
15952.6
36647
12804
3786.63
4181.94
